[kitti1]
path=videos/kitti1.mp4
fx=718.856
fy=718.856
cx = 607.2
cy = 185.2
w = 1241
h = 376

[kitti2]
path=videos/kitti_datasets/kitti00/video.mp4
fx=718.856
fy=718.856
cx = 607.2
cy = 185.2
w = 1241
h = 376

[kitti3]
path=videos/kitti_datasets/kitti06/video.mp4
fx=718.856
fy=718.856
cx = 607.2
cy = 185.2
w = 1241
h = 376

[test1]
path=videos/test.mp4
fx=718.856
fy=718.856
cx = 607.2
cy = 185.2
w = 1241
h = 376
